-143.0,-297.0,000000,0,0
-95.0,-321.0,000000,1,0
-46.0,-286.0,000000,2,0
-20.0,-207.0,000000,3,0
48.0,-161.0,000000,4,0
143.0,-132.0,000000,5,0
164.0,-45.0,000000,6,0
78.0,-11.0,000000,7,0
-28.0,11.0,000000,8,0
-116.0,39.0,000000,9,0
-101.0,95.0,000000,10,0
-12.0,128.0,000000,11,0
80.0,139.0,000000,12,0
151.0,167.0,000000,13,0
157.0,233.0,000000,14,0
64.0,273.0,000000,15,0
-42.0,218.0,000000,16,0
-171.0,86.0,000000,17,0
-181.0,-6.0,000000,18,0
-43.0,-46.0,000000,19,0
17.0,-109.0,000000,20,0
-85.0,-156.0,000000,21,0
-148.0,-231.0,000000,22,0